{
 "cells": [
  {
   "cell_type": "markdown",
   "id": "08054722",
   "metadata": {},
   "source": [
    "# Crypto Data\n",
    "## Setup"
   ]
  },
  {
   "cell_type": "code",
   "execution_count": 25,
   "id": "ccc3bca4",
   "metadata": {},
   "outputs": [],
   "source": [
    "import numpy as np\n",
    "import pandas as pd\n",
    "import matplotlib.pyplot as plt\n",
    "import torch\n",
    "\n",
    "from data_processing import download_data"
   ]
  },
  {
   "cell_type": "markdown",
   "id": "adedb356",
   "metadata": {},
   "source": [
    "## Price Data"
   ]
  },
  {
   "cell_type": "code",
   "execution_count": 26,
   "id": "488e0c4d",
   "metadata": {},
   "outputs": [],
   "source": [
    "tickers = [coin + \"-USD\" for coin in [\"BTC\", \"ETH\", \"XRP\", \"BNB\", \"SOL\", \"TRX\", \"DOGE\", \"BCH\", \"ADA\"]]\n",
    "\n",
    "period = \"365d\"\n",
    "interval = \"1h\"\n",
    "\n",
    "dfs = []\n",
    "for ticker in tickers:\n",
    "    df = download_data(ticker, period=period, interval=interval, save=True)\n",
    "    df.rename({col: col + \" \" + ticker[:3] for col in df.columns if col != \"Datetime\"}, axis=1, inplace=True)\n",
    "    df.set_index(\"Datetime\", inplace=True)\n",
    "    dfs.append(df)\n",
    "\n",
    "df = pd.concat(dfs, axis=1)\n",
    "df.sort_index(inplace=True)"
   ]
  },
  {
   "cell_type": "code",
   "execution_count": 27,
   "id": "3e3bd9f5",
   "metadata": {},
   "outputs": [
    {
     "data": {
      "text/html": [
       "<div>\n",
       "<style scoped>\n",
       "    .dataframe tbody tr th:only-of-type {\n",
       "        vertical-align: middle;\n",
       "    }\n",
       "\n",
       "    .dataframe tbody tr th {\n",
       "        vertical-align: top;\n",
       "    }\n",
       "\n",
       "    .dataframe thead th {\n",
       "        text-align: right;\n",
       "    }\n",
       "</style>\n",
       "<table border=\"1\" class=\"dataframe\">\n",
       "  <thead>\n",
       "    <tr style=\"text-align: right;\">\n",
       "      <th></th>\n",
       "      <th>Adj Close BTC</th>\n",
       "      <th>Adj Close ETH</th>\n",
       "      <th>Adj Close XRP</th>\n",
       "      <th>Adj Close BNB</th>\n",
       "      <th>Adj Close SOL</th>\n",
       "      <th>Adj Close TRX</th>\n",
       "      <th>Adj Close DOG</th>\n",
       "      <th>Adj Close BCH</th>\n",
       "      <th>Adj Close ADA</th>\n",
       "    </tr>\n",
       "    <tr>\n",
       "      <th>Datetime</th>\n",
       "      <th></th>\n",
       "      <th></th>\n",
       "      <th></th>\n",
       "      <th></th>\n",
       "      <th></th>\n",
       "      <th></th>\n",
       "      <th></th>\n",
       "      <th></th>\n",
       "      <th></th>\n",
       "    </tr>\n",
       "  </thead>\n",
       "  <tbody>\n",
       "    <tr>\n",
       "      <th>2025-02-18 00:00:00+00:00</th>\n",
       "      <td>95595.156250</td>\n",
       "      <td>2720.188721</td>\n",
       "      <td>2.639237</td>\n",
       "      <td>663.075073</td>\n",
       "      <td>176.735168</td>\n",
       "      <td>0.237890</td>\n",
       "      <td>0.256625</td>\n",
       "      <td>322.756653</td>\n",
       "      <td>0.793655</td>\n",
       "    </tr>\n",
       "    <tr>\n",
       "      <th>2025-02-18 01:00:00+00:00</th>\n",
       "      <td>96265.679688</td>\n",
       "      <td>2737.535645</td>\n",
       "      <td>2.665560</td>\n",
       "      <td>665.820312</td>\n",
       "      <td>178.113724</td>\n",
       "      <td>0.238404</td>\n",
       "      <td>0.259204</td>\n",
       "      <td>324.246460</td>\n",
       "      <td>0.801217</td>\n",
       "    </tr>\n",
       "    <tr>\n",
       "      <th>2025-02-18 02:00:00+00:00</th>\n",
       "      <td>96054.390625</td>\n",
       "      <td>2712.977783</td>\n",
       "      <td>2.655882</td>\n",
       "      <td>665.452759</td>\n",
       "      <td>178.124161</td>\n",
       "      <td>0.238591</td>\n",
       "      <td>0.257527</td>\n",
       "      <td>323.679840</td>\n",
       "      <td>0.797382</td>\n",
       "    </tr>\n",
       "    <tr>\n",
       "      <th>2025-02-18 03:00:00+00:00</th>\n",
       "      <td>96192.218750</td>\n",
       "      <td>2711.736328</td>\n",
       "      <td>2.660520</td>\n",
       "      <td>665.182251</td>\n",
       "      <td>177.878494</td>\n",
       "      <td>0.240435</td>\n",
       "      <td>0.257556</td>\n",
       "      <td>323.861359</td>\n",
       "      <td>0.808396</td>\n",
       "    </tr>\n",
       "    <tr>\n",
       "      <th>2025-02-18 04:00:00+00:00</th>\n",
       "      <td>96056.078125</td>\n",
       "      <td>2702.031982</td>\n",
       "      <td>2.644653</td>\n",
       "      <td>661.123718</td>\n",
       "      <td>175.766342</td>\n",
       "      <td>0.240169</td>\n",
       "      <td>0.255951</td>\n",
       "      <td>321.980377</td>\n",
       "      <td>0.805440</td>\n",
       "    </tr>\n",
       "  </tbody>\n",
       "</table>\n",
       "</div>"
      ],
      "text/plain": [
       "                           Adj Close BTC  Adj Close ETH  Adj Close XRP  \\\n",
       "Datetime                                                                 \n",
       "2025-02-18 00:00:00+00:00   95595.156250    2720.188721       2.639237   \n",
       "2025-02-18 01:00:00+00:00   96265.679688    2737.535645       2.665560   \n",
       "2025-02-18 02:00:00+00:00   96054.390625    2712.977783       2.655882   \n",
       "2025-02-18 03:00:00+00:00   96192.218750    2711.736328       2.660520   \n",
       "2025-02-18 04:00:00+00:00   96056.078125    2702.031982       2.644653   \n",
       "\n",
       "                           Adj Close BNB  Adj Close SOL  Adj Close TRX  \\\n",
       "Datetime                                                                 \n",
       "2025-02-18 00:00:00+00:00     663.075073     176.735168       0.237890   \n",
       "2025-02-18 01:00:00+00:00     665.820312     178.113724       0.238404   \n",
       "2025-02-18 02:00:00+00:00     665.452759     178.124161       0.238591   \n",
       "2025-02-18 03:00:00+00:00     665.182251     177.878494       0.240435   \n",
       "2025-02-18 04:00:00+00:00     661.123718     175.766342       0.240169   \n",
       "\n",
       "                           Adj Close DOG  Adj Close BCH  Adj Close ADA  \n",
       "Datetime                                                                \n",
       "2025-02-18 00:00:00+00:00       0.256625     322.756653       0.793655  \n",
       "2025-02-18 01:00:00+00:00       0.259204     324.246460       0.801217  \n",
       "2025-02-18 02:00:00+00:00       0.257527     323.679840       0.797382  \n",
       "2025-02-18 03:00:00+00:00       0.257556     323.861359       0.808396  \n",
       "2025-02-18 04:00:00+00:00       0.255951     321.980377       0.805440  "
      ]
     },
     "execution_count": 27,
     "metadata": {},
     "output_type": "execute_result"
    }
   ],
   "source": [
    "df.head()"
   ]
  },
  {
   "cell_type": "code",
   "execution_count": 28,
   "id": "9a5448b6",
   "metadata": {},
   "outputs": [],
   "source": [
    "# Save\n",
    "np.save(\"stgan-algo/STGAN/crypto/data/data.npy\", df)"
   ]
  },
  {
   "cell_type": "code",
   "execution_count": 29,
   "id": "bcc9d33f",
   "metadata": {},
   "outputs": [
    {
     "data": {
      "text/plain": [
       "torch.Size([8603, 9])"
      ]
     },
     "execution_count": 29,
     "metadata": {},
     "output_type": "execute_result"
    }
   ],
   "source": [
    "# Load\n",
    "data_tensor = torch.tensor(np.load(\"stgan-algo/STGAN/crypto/data/data.npy\"), dtype=torch.float)\n",
    "data_tensor.shape"
   ]
  },
  {
   "cell_type": "code",
   "execution_count": 30,
   "id": "6329bf53",
   "metadata": {},
   "outputs": [
    {
     "data": {
      "text/plain": [
       "tensor([[9.5595e+04, 2.7202e+03, 2.6392e+00,  ..., 2.5662e-01, 3.2276e+02,\n",
       "         7.9366e-01],\n",
       "        [9.6266e+04, 2.7375e+03, 2.6656e+00,  ..., 2.5920e-01, 3.2425e+02,\n",
       "         8.0122e-01],\n",
       "        [9.6054e+04, 2.7130e+03, 2.6559e+00,  ..., 2.5753e-01, 3.2368e+02,\n",
       "         7.9738e-01],\n",
       "        ...,\n",
       "        [6.7792e+04, 1.9988e+03, 1.4846e+00,  ..., 1.0113e-01, 5.6637e+02,\n",
       "         2.8320e-01],\n",
       "        [6.7736e+04, 1.9944e+03, 1.4823e+00,  ..., 1.0066e-01, 5.6825e+02,\n",
       "         2.8258e-01],\n",
       "        [6.7592e+04, 1.9952e+03, 1.4841e+00,  ..., 1.0076e-01, 5.6795e+02,\n",
       "         2.8224e-01]])"
      ]
     },
     "execution_count": 30,
     "metadata": {},
     "output_type": "execute_result"
    }
   ],
   "source": [
    "data_tensor"
   ]
  },
  {
   "cell_type": "code",
   "execution_count": 31,
   "id": "54870f6b",
   "metadata": {},
   "outputs": [],
   "source": [
    "data_tensor = data_tensor.reshape([data_tensor.shape[0], data_tensor.shape[1], 1, 1])\n",
    "np.save(\"stgan-algo/STGAN/crypto/data/data.npy\", data_tensor.numpy())"
   ]
  },
  {
   "cell_type": "markdown",
   "id": "fb829f2b",
   "metadata": {},
   "source": [
    "## Distances: Use Correlations"
   ]
  },
  {
   "cell_type": "code",
   "execution_count": 32,
   "id": "4f2ab5bb",
   "metadata": {},
   "outputs": [],
   "source": [
    "# Use simple intuition: distance = 1 - correlation\n",
    "dists =  1 - df.corr()"
   ]
  },
  {
   "cell_type": "code",
   "execution_count": 33,
   "id": "4bd501f0",
   "metadata": {},
   "outputs": [
    {
     "data": {
      "text/html": [
       "<div>\n",
       "<style scoped>\n",
       "    .dataframe tbody tr th:only-of-type {\n",
       "        vertical-align: middle;\n",
       "    }\n",
       "\n",
       "    .dataframe tbody tr th {\n",
       "        vertical-align: top;\n",
       "    }\n",
       "\n",
       "    .dataframe thead th {\n",
       "        text-align: right;\n",
       "    }\n",
       "</style>\n",
       "<table border=\"1\" class=\"dataframe\">\n",
       "  <thead>\n",
       "    <tr style=\"text-align: right;\">\n",
       "      <th></th>\n",
       "      <th>Adj Close BTC</th>\n",
       "      <th>Adj Close ETH</th>\n",
       "      <th>Adj Close XRP</th>\n",
       "      <th>Adj Close BNB</th>\n",
       "      <th>Adj Close SOL</th>\n",
       "      <th>Adj Close TRX</th>\n",
       "      <th>Adj Close DOG</th>\n",
       "      <th>Adj Close BCH</th>\n",
       "      <th>Adj Close ADA</th>\n",
       "    </tr>\n",
       "  </thead>\n",
       "  <tbody>\n",
       "    <tr>\n",
       "      <th>Adj Close BTC</th>\n",
       "      <td>0.000000</td>\n",
       "      <td>0.256094</td>\n",
       "      <td>0.157449</td>\n",
       "      <td>0.545096</td>\n",
       "      <td>0.118939</td>\n",
       "      <td>0.295574</td>\n",
       "      <td>0.211547</td>\n",
       "      <td>0.634647</td>\n",
       "      <td>0.320429</td>\n",
       "    </tr>\n",
       "    <tr>\n",
       "      <th>Adj Close ETH</th>\n",
       "      <td>0.256094</td>\n",
       "      <td>0.000000</td>\n",
       "      <td>0.300299</td>\n",
       "      <td>0.195119</td>\n",
       "      <td>0.200266</td>\n",
       "      <td>0.076465</td>\n",
       "      <td>0.443080</td>\n",
       "      <td>0.262394</td>\n",
       "      <td>0.620279</td>\n",
       "    </tr>\n",
       "    <tr>\n",
       "      <th>Adj Close XRP</th>\n",
       "      <td>0.157449</td>\n",
       "      <td>0.300299</td>\n",
       "      <td>0.000000</td>\n",
       "      <td>0.689019</td>\n",
       "      <td>0.147305</td>\n",
       "      <td>0.391472</td>\n",
       "      <td>0.110356</td>\n",
       "      <td>0.780306</td>\n",
       "      <td>0.155682</td>\n",
       "    </tr>\n",
       "    <tr>\n",
       "      <th>Adj Close BNB</th>\n",
       "      <td>0.545096</td>\n",
       "      <td>0.195119</td>\n",
       "      <td>0.689019</td>\n",
       "      <td>0.000000</td>\n",
       "      <td>0.449013</td>\n",
       "      <td>0.299562</td>\n",
       "      <td>0.794668</td>\n",
       "      <td>0.298056</td>\n",
       "      <td>1.005269</td>\n",
       "    </tr>\n",
       "    <tr>\n",
       "      <th>Adj Close SOL</th>\n",
       "      <td>0.118939</td>\n",
       "      <td>0.200266</td>\n",
       "      <td>0.147305</td>\n",
       "      <td>0.449013</td>\n",
       "      <td>0.000000</td>\n",
       "      <td>0.315551</td>\n",
       "      <td>0.110586</td>\n",
       "      <td>0.686745</td>\n",
       "      <td>0.231082</td>\n",
       "    </tr>\n",
       "    <tr>\n",
       "      <th>Adj Close TRX</th>\n",
       "      <td>0.295574</td>\n",
       "      <td>0.076465</td>\n",
       "      <td>0.391472</td>\n",
       "      <td>0.299562</td>\n",
       "      <td>0.315551</td>\n",
       "      <td>0.000000</td>\n",
       "      <td>0.570419</td>\n",
       "      <td>0.190697</td>\n",
       "      <td>0.727016</td>\n",
       "    </tr>\n",
       "    <tr>\n",
       "      <th>Adj Close DOG</th>\n",
       "      <td>0.211547</td>\n",
       "      <td>0.443080</td>\n",
       "      <td>0.110356</td>\n",
       "      <td>0.794668</td>\n",
       "      <td>0.110586</td>\n",
       "      <td>0.570419</td>\n",
       "      <td>0.000000</td>\n",
       "      <td>1.014621</td>\n",
       "      <td>0.076605</td>\n",
       "    </tr>\n",
       "    <tr>\n",
       "      <th>Adj Close BCH</th>\n",
       "      <td>0.634647</td>\n",
       "      <td>0.262394</td>\n",
       "      <td>0.780306</td>\n",
       "      <td>0.298056</td>\n",
       "      <td>0.686745</td>\n",
       "      <td>0.190697</td>\n",
       "      <td>1.014621</td>\n",
       "      <td>0.000000</td>\n",
       "      <td>1.214470</td>\n",
       "    </tr>\n",
       "    <tr>\n",
       "      <th>Adj Close ADA</th>\n",
       "      <td>0.320429</td>\n",
       "      <td>0.620279</td>\n",
       "      <td>0.155682</td>\n",
       "      <td>1.005269</td>\n",
       "      <td>0.231082</td>\n",
       "      <td>0.727016</td>\n",
       "      <td>0.076605</td>\n",
       "      <td>1.214470</td>\n",
       "      <td>0.000000</td>\n",
       "    </tr>\n",
       "  </tbody>\n",
       "</table>\n",
       "</div>"
      ],
      "text/plain": [
       "               Adj Close BTC  Adj Close ETH  Adj Close XRP  Adj Close BNB  \\\n",
       "Adj Close BTC       0.000000       0.256094       0.157449       0.545096   \n",
       "Adj Close ETH       0.256094       0.000000       0.300299       0.195119   \n",
       "Adj Close XRP       0.157449       0.300299       0.000000       0.689019   \n",
       "Adj Close BNB       0.545096       0.195119       0.689019       0.000000   \n",
       "Adj Close SOL       0.118939       0.200266       0.147305       0.449013   \n",
       "Adj Close TRX       0.295574       0.076465       0.391472       0.299562   \n",
       "Adj Close DOG       0.211547       0.443080       0.110356       0.794668   \n",
       "Adj Close BCH       0.634647       0.262394       0.780306       0.298056   \n",
       "Adj Close ADA       0.320429       0.620279       0.155682       1.005269   \n",
       "\n",
       "               Adj Close SOL  Adj Close TRX  Adj Close DOG  Adj Close BCH  \\\n",
       "Adj Close BTC       0.118939       0.295574       0.211547       0.634647   \n",
       "Adj Close ETH       0.200266       0.076465       0.443080       0.262394   \n",
       "Adj Close XRP       0.147305       0.391472       0.110356       0.780306   \n",
       "Adj Close BNB       0.449013       0.299562       0.794668       0.298056   \n",
       "Adj Close SOL       0.000000       0.315551       0.110586       0.686745   \n",
       "Adj Close TRX       0.315551       0.000000       0.570419       0.190697   \n",
       "Adj Close DOG       0.110586       0.570419       0.000000       1.014621   \n",
       "Adj Close BCH       0.686745       0.190697       1.014621       0.000000   \n",
       "Adj Close ADA       0.231082       0.727016       0.076605       1.214470   \n",
       "\n",
       "               Adj Close ADA  \n",
       "Adj Close BTC       0.320429  \n",
       "Adj Close ETH       0.620279  \n",
       "Adj Close XRP       0.155682  \n",
       "Adj Close BNB       1.005269  \n",
       "Adj Close SOL       0.231082  \n",
       "Adj Close TRX       0.727016  \n",
       "Adj Close DOG       0.076605  \n",
       "Adj Close BCH       1.214470  \n",
       "Adj Close ADA       0.000000  "
      ]
     },
     "execution_count": 33,
     "metadata": {},
     "output_type": "execute_result"
    }
   ],
   "source": [
    "dists"
   ]
  },
  {
   "cell_type": "code",
   "execution_count": 34,
   "id": "2ad09e62",
   "metadata": {},
   "outputs": [],
   "source": [
    "dists.to_csv(\"stgan-algo/STGAN/crypto/data/node_dist.txt\", sep=\" \", header=False, index=False)"
   ]
  },
  {
   "cell_type": "code",
   "execution_count": 35,
   "id": "7cac4afd",
   "metadata": {},
   "outputs": [
    {
     "data": {
      "text/html": [
       "<div>\n",
       "<style scoped>\n",
       "    .dataframe tbody tr th:only-of-type {\n",
       "        vertical-align: middle;\n",
       "    }\n",
       "\n",
       "    .dataframe tbody tr th {\n",
       "        vertical-align: top;\n",
       "    }\n",
       "\n",
       "    .dataframe thead th {\n",
       "        text-align: right;\n",
       "    }\n",
       "</style>\n",
       "<table border=\"1\" class=\"dataframe\">\n",
       "  <thead>\n",
       "    <tr style=\"text-align: right;\">\n",
       "      <th></th>\n",
       "      <th>0</th>\n",
       "      <th>1</th>\n",
       "      <th>2</th>\n",
       "      <th>3</th>\n",
       "      <th>4</th>\n",
       "      <th>5</th>\n",
       "      <th>6</th>\n",
       "      <th>7</th>\n",
       "      <th>8</th>\n",
       "    </tr>\n",
       "  </thead>\n",
       "  <tbody>\n",
       "    <tr>\n",
       "      <th>0</th>\n",
       "      <td>0.000000</td>\n",
       "      <td>0.256094</td>\n",
       "      <td>0.157449</td>\n",
       "      <td>0.545096</td>\n",
       "      <td>0.118939</td>\n",
       "      <td>0.295574</td>\n",
       "      <td>0.211547</td>\n",
       "      <td>0.634647</td>\n",
       "      <td>0.320429</td>\n",
       "    </tr>\n",
       "    <tr>\n",
       "      <th>1</th>\n",
       "      <td>0.256094</td>\n",
       "      <td>0.000000</td>\n",
       "      <td>0.300299</td>\n",
       "      <td>0.195119</td>\n",
       "      <td>0.200266</td>\n",
       "      <td>0.076465</td>\n",
       "      <td>0.443080</td>\n",
       "      <td>0.262394</td>\n",
       "      <td>0.620279</td>\n",
       "    </tr>\n",
       "    <tr>\n",
       "      <th>2</th>\n",
       "      <td>0.157449</td>\n",
       "      <td>0.300299</td>\n",
       "      <td>0.000000</td>\n",
       "      <td>0.689019</td>\n",
       "      <td>0.147305</td>\n",
       "      <td>0.391472</td>\n",
       "      <td>0.110356</td>\n",
       "      <td>0.780306</td>\n",
       "      <td>0.155682</td>\n",
       "    </tr>\n",
       "    <tr>\n",
       "      <th>3</th>\n",
       "      <td>0.545096</td>\n",
       "      <td>0.195119</td>\n",
       "      <td>0.689019</td>\n",
       "      <td>0.000000</td>\n",
       "      <td>0.449013</td>\n",
       "      <td>0.299562</td>\n",
       "      <td>0.794668</td>\n",
       "      <td>0.298056</td>\n",
       "      <td>1.005269</td>\n",
       "    </tr>\n",
       "    <tr>\n",
       "      <th>4</th>\n",
       "      <td>0.118939</td>\n",
       "      <td>0.200266</td>\n",
       "      <td>0.147305</td>\n",
       "      <td>0.449013</td>\n",
       "      <td>0.000000</td>\n",
       "      <td>0.315551</td>\n",
       "      <td>0.110586</td>\n",
       "      <td>0.686745</td>\n",
       "      <td>0.231082</td>\n",
       "    </tr>\n",
       "    <tr>\n",
       "      <th>5</th>\n",
       "      <td>0.295574</td>\n",
       "      <td>0.076465</td>\n",
       "      <td>0.391472</td>\n",
       "      <td>0.299562</td>\n",
       "      <td>0.315551</td>\n",
       "      <td>0.000000</td>\n",
       "      <td>0.570419</td>\n",
       "      <td>0.190697</td>\n",
       "      <td>0.727016</td>\n",
       "    </tr>\n",
       "    <tr>\n",
       "      <th>6</th>\n",
       "      <td>0.211547</td>\n",
       "      <td>0.443080</td>\n",
       "      <td>0.110356</td>\n",
       "      <td>0.794668</td>\n",
       "      <td>0.110586</td>\n",
       "      <td>0.570419</td>\n",
       "      <td>0.000000</td>\n",
       "      <td>1.014621</td>\n",
       "      <td>0.076605</td>\n",
       "    </tr>\n",
       "    <tr>\n",
       "      <th>7</th>\n",
       "      <td>0.634647</td>\n",
       "      <td>0.262394</td>\n",
       "      <td>0.780306</td>\n",
       "      <td>0.298056</td>\n",
       "      <td>0.686745</td>\n",
       "      <td>0.190697</td>\n",
       "      <td>1.014621</td>\n",
       "      <td>0.000000</td>\n",
       "      <td>1.214470</td>\n",
       "    </tr>\n",
       "    <tr>\n",
       "      <th>8</th>\n",
       "      <td>0.320429</td>\n",
       "      <td>0.620279</td>\n",
       "      <td>0.155682</td>\n",
       "      <td>1.005269</td>\n",
       "      <td>0.231082</td>\n",
       "      <td>0.727016</td>\n",
       "      <td>0.076605</td>\n",
       "      <td>1.214470</td>\n",
       "      <td>0.000000</td>\n",
       "    </tr>\n",
       "  </tbody>\n",
       "</table>\n",
       "</div>"
      ],
      "text/plain": [
       "          0         1         2         3         4         5         6  \\\n",
       "0  0.000000  0.256094  0.157449  0.545096  0.118939  0.295574  0.211547   \n",
       "1  0.256094  0.000000  0.300299  0.195119  0.200266  0.076465  0.443080   \n",
       "2  0.157449  0.300299  0.000000  0.689019  0.147305  0.391472  0.110356   \n",
       "3  0.545096  0.195119  0.689019  0.000000  0.449013  0.299562  0.794668   \n",
       "4  0.118939  0.200266  0.147305  0.449013  0.000000  0.315551  0.110586   \n",
       "5  0.295574  0.076465  0.391472  0.299562  0.315551  0.000000  0.570419   \n",
       "6  0.211547  0.443080  0.110356  0.794668  0.110586  0.570419  0.000000   \n",
       "7  0.634647  0.262394  0.780306  0.298056  0.686745  0.190697  1.014621   \n",
       "8  0.320429  0.620279  0.155682  1.005269  0.231082  0.727016  0.076605   \n",
       "\n",
       "          7         8  \n",
       "0  0.634647  0.320429  \n",
       "1  0.262394  0.620279  \n",
       "2  0.780306  0.155682  \n",
       "3  0.298056  1.005269  \n",
       "4  0.686745  0.231082  \n",
       "5  0.190697  0.727016  \n",
       "6  1.014621  0.076605  \n",
       "7  0.000000  1.214470  \n",
       "8  1.214470  0.000000  "
      ]
     },
     "execution_count": 35,
     "metadata": {},
     "output_type": "execute_result"
    }
   ],
   "source": [
    "dists.reset_index(drop=True, inplace=True)\n",
    "dists.columns = range(dists.shape[1])\n",
    "dists"
   ]
  },
  {
   "cell_type": "markdown",
   "id": "b335163d",
   "metadata": {},
   "source": [
    "## Adjacency Matrix"
   ]
  },
  {
   "cell_type": "code",
   "execution_count": 36,
   "id": "848f324f",
   "metadata": {},
   "outputs": [
    {
     "data": {
      "text/html": [
       "<div>\n",
       "<style scoped>\n",
       "    .dataframe tbody tr th:only-of-type {\n",
       "        vertical-align: middle;\n",
       "    }\n",
       "\n",
       "    .dataframe tbody tr th {\n",
       "        vertical-align: top;\n",
       "    }\n",
       "\n",
       "    .dataframe thead th {\n",
       "        text-align: right;\n",
       "    }\n",
       "</style>\n",
       "<table border=\"1\" class=\"dataframe\">\n",
       "  <thead>\n",
       "    <tr style=\"text-align: right;\">\n",
       "      <th></th>\n",
       "      <th>0</th>\n",
       "      <th>1</th>\n",
       "      <th>2</th>\n",
       "      <th>3</th>\n",
       "      <th>4</th>\n",
       "      <th>5</th>\n",
       "      <th>6</th>\n",
       "      <th>7</th>\n",
       "      <th>8</th>\n",
       "    </tr>\n",
       "  </thead>\n",
       "  <tbody>\n",
       "    <tr>\n",
       "      <th>0</th>\n",
       "      <td>0</td>\n",
       "      <td>4</td>\n",
       "      <td>2</td>\n",
       "      <td>6</td>\n",
       "      <td>1</td>\n",
       "      <td>5</td>\n",
       "      <td>8</td>\n",
       "      <td>3</td>\n",
       "      <td>7</td>\n",
       "    </tr>\n",
       "    <tr>\n",
       "      <th>1</th>\n",
       "      <td>1</td>\n",
       "      <td>5</td>\n",
       "      <td>3</td>\n",
       "      <td>4</td>\n",
       "      <td>0</td>\n",
       "      <td>7</td>\n",
       "      <td>2</td>\n",
       "      <td>6</td>\n",
       "      <td>8</td>\n",
       "    </tr>\n",
       "    <tr>\n",
       "      <th>2</th>\n",
       "      <td>2</td>\n",
       "      <td>6</td>\n",
       "      <td>4</td>\n",
       "      <td>8</td>\n",
       "      <td>0</td>\n",
       "      <td>1</td>\n",
       "      <td>5</td>\n",
       "      <td>3</td>\n",
       "      <td>7</td>\n",
       "    </tr>\n",
       "    <tr>\n",
       "      <th>3</th>\n",
       "      <td>3</td>\n",
       "      <td>1</td>\n",
       "      <td>7</td>\n",
       "      <td>5</td>\n",
       "      <td>4</td>\n",
       "      <td>0</td>\n",
       "      <td>2</td>\n",
       "      <td>6</td>\n",
       "      <td>8</td>\n",
       "    </tr>\n",
       "    <tr>\n",
       "      <th>4</th>\n",
       "      <td>4</td>\n",
       "      <td>6</td>\n",
       "      <td>0</td>\n",
       "      <td>2</td>\n",
       "      <td>1</td>\n",
       "      <td>8</td>\n",
       "      <td>5</td>\n",
       "      <td>3</td>\n",
       "      <td>7</td>\n",
       "    </tr>\n",
       "    <tr>\n",
       "      <th>5</th>\n",
       "      <td>5</td>\n",
       "      <td>1</td>\n",
       "      <td>7</td>\n",
       "      <td>0</td>\n",
       "      <td>3</td>\n",
       "      <td>4</td>\n",
       "      <td>2</td>\n",
       "      <td>6</td>\n",
       "      <td>8</td>\n",
       "    </tr>\n",
       "    <tr>\n",
       "      <th>6</th>\n",
       "      <td>6</td>\n",
       "      <td>8</td>\n",
       "      <td>2</td>\n",
       "      <td>4</td>\n",
       "      <td>0</td>\n",
       "      <td>1</td>\n",
       "      <td>5</td>\n",
       "      <td>3</td>\n",
       "      <td>7</td>\n",
       "    </tr>\n",
       "    <tr>\n",
       "      <th>7</th>\n",
       "      <td>7</td>\n",
       "      <td>5</td>\n",
       "      <td>1</td>\n",
       "      <td>3</td>\n",
       "      <td>0</td>\n",
       "      <td>4</td>\n",
       "      <td>2</td>\n",
       "      <td>6</td>\n",
       "      <td>8</td>\n",
       "    </tr>\n",
       "    <tr>\n",
       "      <th>8</th>\n",
       "      <td>8</td>\n",
       "      <td>6</td>\n",
       "      <td>2</td>\n",
       "      <td>4</td>\n",
       "      <td>0</td>\n",
       "      <td>1</td>\n",
       "      <td>5</td>\n",
       "      <td>3</td>\n",
       "      <td>7</td>\n",
       "    </tr>\n",
       "  </tbody>\n",
       "</table>\n",
       "</div>"
      ],
      "text/plain": [
       "   0  1  2  3  4  5  6  7  8\n",
       "0  0  4  2  6  1  5  8  3  7\n",
       "1  1  5  3  4  0  7  2  6  8\n",
       "2  2  6  4  8  0  1  5  3  7\n",
       "3  3  1  7  5  4  0  2  6  8\n",
       "4  4  6  0  2  1  8  5  3  7\n",
       "5  5  1  7  0  3  4  2  6  8\n",
       "6  6  8  2  4  0  1  5  3  7\n",
       "7  7  5  1  3  0  4  2  6  8\n",
       "8  8  6  2  4  0  1  5  3  7"
      ]
     },
     "execution_count": 36,
     "metadata": {},
     "output_type": "execute_result"
    }
   ],
   "source": [
    "k = 9\n",
    "adj = pd.DataFrame([], columns=range(k))\n",
    "for i in range(dists.shape[1]):\n",
    "    adj.loc[i] = list(dists.loc[i].sort_values()[:k].index)\n",
    "adj"
   ]
  },
  {
   "cell_type": "code",
   "execution_count": 37,
   "id": "4e7a6527",
   "metadata": {},
   "outputs": [],
   "source": [
    "adj.to_csv(\"stgan-algo/STGAN/crypto/data/node_adjacent.txt\", sep=\" \", header=False, index=False)"
   ]
  },
  {
   "cell_type": "markdown",
   "id": "f5586c34",
   "metadata": {},
   "source": [
    "## Node Subgraph"
   ]
  },
  {
   "cell_type": "code",
   "execution_count": 38,
   "id": "504e8a6c",
   "metadata": {},
   "outputs": [
    {
     "data": {
      "text/plain": [
       "0.30384531393368724"
      ]
     },
     "execution_count": 38,
     "metadata": {},
     "output_type": "execute_result"
    }
   ],
   "source": [
    "stdev = np.array(dists).std()\n",
    "stdev"
   ]
  },
  {
   "cell_type": "code",
   "execution_count": 39,
   "id": "aee536f6",
   "metadata": {},
   "outputs": [
    {
     "data": {
      "text/html": [
       "<div>\n",
       "<style scoped>\n",
       "    .dataframe tbody tr th:only-of-type {\n",
       "        vertical-align: middle;\n",
       "    }\n",
       "\n",
       "    .dataframe tbody tr th {\n",
       "        vertical-align: top;\n",
       "    }\n",
       "\n",
       "    .dataframe thead th {\n",
       "        text-align: right;\n",
       "    }\n",
       "</style>\n",
       "<table border=\"1\" class=\"dataframe\">\n",
       "  <thead>\n",
       "    <tr style=\"text-align: right;\">\n",
       "      <th></th>\n",
       "      <th>0</th>\n",
       "      <th>1</th>\n",
       "      <th>2</th>\n",
       "      <th>3</th>\n",
       "      <th>4</th>\n",
       "      <th>5</th>\n",
       "      <th>6</th>\n",
       "      <th>7</th>\n",
       "      <th>8</th>\n",
       "    </tr>\n",
       "  </thead>\n",
       "  <tbody>\n",
       "    <tr>\n",
       "      <th>0</th>\n",
       "      <td>0.000000</td>\n",
       "      <td>0.491456</td>\n",
       "      <td>0.764511</td>\n",
       "      <td>0.040019</td>\n",
       "      <td>0.857932</td>\n",
       "      <td>0.388176</td>\n",
       "      <td>0.615857</td>\n",
       "      <td>1.274334e-02</td>\n",
       "      <td>3.288554e-01</td>\n",
       "    </tr>\n",
       "    <tr>\n",
       "      <th>1</th>\n",
       "      <td>0.491456</td>\n",
       "      <td>0.000000</td>\n",
       "      <td>0.376517</td>\n",
       "      <td>0.662076</td>\n",
       "      <td>0.647641</td>\n",
       "      <td>0.938632</td>\n",
       "      <td>0.119257</td>\n",
       "      <td>4.743697e-01</td>\n",
       "      <td>1.549183e-02</td>\n",
       "    </tr>\n",
       "    <tr>\n",
       "      <th>2</th>\n",
       "      <td>0.764511</td>\n",
       "      <td>0.376517</td>\n",
       "      <td>0.000000</td>\n",
       "      <td>0.005844</td>\n",
       "      <td>0.790546</td>\n",
       "      <td>0.190148</td>\n",
       "      <td>0.876417</td>\n",
       "      <td>1.366987e-03</td>\n",
       "      <td>7.691071e-01</td>\n",
       "    </tr>\n",
       "    <tr>\n",
       "      <th>3</th>\n",
       "      <td>0.040019</td>\n",
       "      <td>0.662076</td>\n",
       "      <td>0.005844</td>\n",
       "      <td>0.000000</td>\n",
       "      <td>0.112613</td>\n",
       "      <td>0.378323</td>\n",
       "      <td>0.001070</td>\n",
       "      <td>3.820290e-01</td>\n",
       "      <td>1.762675e-05</td>\n",
       "    </tr>\n",
       "    <tr>\n",
       "      <th>4</th>\n",
       "      <td>0.857932</td>\n",
       "      <td>0.647641</td>\n",
       "      <td>0.790546</td>\n",
       "      <td>0.112613</td>\n",
       "      <td>0.000000</td>\n",
       "      <td>0.340094</td>\n",
       "      <td>0.875936</td>\n",
       "      <td>6.045693e-03</td>\n",
       "      <td>5.607948e-01</td>\n",
       "    </tr>\n",
       "    <tr>\n",
       "      <th>5</th>\n",
       "      <td>0.388176</td>\n",
       "      <td>0.938632</td>\n",
       "      <td>0.190148</td>\n",
       "      <td>0.378323</td>\n",
       "      <td>0.340094</td>\n",
       "      <td>0.000000</td>\n",
       "      <td>0.029470</td>\n",
       "      <td>6.744230e-01</td>\n",
       "      <td>3.263041e-03</td>\n",
       "    </tr>\n",
       "    <tr>\n",
       "      <th>6</th>\n",
       "      <td>0.615857</td>\n",
       "      <td>0.119257</td>\n",
       "      <td>0.876417</td>\n",
       "      <td>0.001070</td>\n",
       "      <td>0.875936</td>\n",
       "      <td>0.029470</td>\n",
       "      <td>0.000000</td>\n",
       "      <td>1.436496e-05</td>\n",
       "      <td>9.384147e-01</td>\n",
       "    </tr>\n",
       "    <tr>\n",
       "      <th>7</th>\n",
       "      <td>0.012743</td>\n",
       "      <td>0.474370</td>\n",
       "      <td>0.001367</td>\n",
       "      <td>0.382029</td>\n",
       "      <td>0.006046</td>\n",
       "      <td>0.674423</td>\n",
       "      <td>0.000014</td>\n",
       "      <td>0.000000e+00</td>\n",
       "      <td>1.152654e-07</td>\n",
       "    </tr>\n",
       "    <tr>\n",
       "      <th>8</th>\n",
       "      <td>0.328855</td>\n",
       "      <td>0.015492</td>\n",
       "      <td>0.769107</td>\n",
       "      <td>0.000018</td>\n",
       "      <td>0.560795</td>\n",
       "      <td>0.003263</td>\n",
       "      <td>0.938415</td>\n",
       "      <td>1.152654e-07</td>\n",
       "      <td>0.000000e+00</td>\n",
       "    </tr>\n",
       "  </tbody>\n",
       "</table>\n",
       "</div>"
      ],
      "text/plain": [
       "          0         1         2         3         4         5         6  \\\n",
       "0  0.000000  0.491456  0.764511  0.040019  0.857932  0.388176  0.615857   \n",
       "1  0.491456  0.000000  0.376517  0.662076  0.647641  0.938632  0.119257   \n",
       "2  0.764511  0.376517  0.000000  0.005844  0.790546  0.190148  0.876417   \n",
       "3  0.040019  0.662076  0.005844  0.000000  0.112613  0.378323  0.001070   \n",
       "4  0.857932  0.647641  0.790546  0.112613  0.000000  0.340094  0.875936   \n",
       "5  0.388176  0.938632  0.190148  0.378323  0.340094  0.000000  0.029470   \n",
       "6  0.615857  0.119257  0.876417  0.001070  0.875936  0.029470  0.000000   \n",
       "7  0.012743  0.474370  0.001367  0.382029  0.006046  0.674423  0.000014   \n",
       "8  0.328855  0.015492  0.769107  0.000018  0.560795  0.003263  0.938415   \n",
       "\n",
       "              7             8  \n",
       "0  1.274334e-02  3.288554e-01  \n",
       "1  4.743697e-01  1.549183e-02  \n",
       "2  1.366987e-03  7.691071e-01  \n",
       "3  3.820290e-01  1.762675e-05  \n",
       "4  6.045693e-03  5.607948e-01  \n",
       "5  6.744230e-01  3.263041e-03  \n",
       "6  1.436496e-05  9.384147e-01  \n",
       "7  0.000000e+00  1.152654e-07  \n",
       "8  1.152654e-07  0.000000e+00  "
      ]
     },
     "execution_count": 39,
     "metadata": {},
     "output_type": "execute_result"
    }
   ],
   "source": [
    "W = np.exp(-dists**2/stdev**2)\n",
    "for i in range(len(W)):\n",
    "    W.loc[i,i] = 0   \n",
    "W"
   ]
  },
  {
   "cell_type": "code",
   "execution_count": 40,
   "id": "6991b41e",
   "metadata": {},
   "outputs": [
    {
     "data": {
      "text/plain": [
       "torch.Size([9, 9, 9])"
      ]
     },
     "execution_count": 40,
     "metadata": {},
     "output_type": "execute_result"
    }
   ],
   "source": [
    "node_subgraph = torch.empty((len(tickers), k, k))\n",
    "node_subgraph.shape"
   ]
  },
  {
   "cell_type": "code",
   "execution_count": 41,
   "id": "29aec527",
   "metadata": {},
   "outputs": [
    {
     "data": {
      "text/plain": [
       "torch.Size([9, 9, 9])"
      ]
     },
     "execution_count": 41,
     "metadata": {},
     "output_type": "execute_result"
    }
   ],
   "source": [
    "for i in range(len(tickers)):\n",
    "    node_subgraph[i,:,:] = torch.from_numpy(W.loc[adj.loc[i], adj.loc[i]].to_numpy())\n",
    "node_subgraph.shape"
   ]
  },
  {
   "cell_type": "code",
   "execution_count": 42,
   "id": "23d306e4",
   "metadata": {},
   "outputs": [
    {
     "data": {
      "text/plain": [
       "tensor([[0.0000e+00, 8.5793e-01, 7.6451e-01, 6.1586e-01, 4.9146e-01, 3.8818e-01,\n",
       "         3.2886e-01, 4.0019e-02, 1.2743e-02],\n",
       "        [8.5793e-01, 0.0000e+00, 7.9055e-01, 8.7594e-01, 6.4764e-01, 3.4009e-01,\n",
       "         5.6079e-01, 1.1261e-01, 6.0457e-03],\n",
       "        [7.6451e-01, 7.9055e-01, 0.0000e+00, 8.7642e-01, 3.7652e-01, 1.9015e-01,\n",
       "         7.6911e-01, 5.8442e-03, 1.3670e-03],\n",
       "        [6.1586e-01, 8.7594e-01, 8.7642e-01, 0.0000e+00, 1.1926e-01, 2.9470e-02,\n",
       "         9.3841e-01, 1.0699e-03, 1.4365e-05],\n",
       "        [4.9146e-01, 6.4764e-01, 3.7652e-01, 1.1926e-01, 0.0000e+00, 9.3863e-01,\n",
       "         1.5492e-02, 6.6208e-01, 4.7437e-01],\n",
       "        [3.8818e-01, 3.4009e-01, 1.9015e-01, 2.9470e-02, 9.3863e-01, 0.0000e+00,\n",
       "         3.2630e-03, 3.7832e-01, 6.7442e-01],\n",
       "        [3.2886e-01, 5.6079e-01, 7.6911e-01, 9.3841e-01, 1.5492e-02, 3.2630e-03,\n",
       "         0.0000e+00, 1.7627e-05, 1.1527e-07],\n",
       "        [4.0019e-02, 1.1261e-01, 5.8442e-03, 1.0699e-03, 6.6208e-01, 3.7832e-01,\n",
       "         1.7627e-05, 0.0000e+00, 3.8203e-01],\n",
       "        [1.2743e-02, 6.0457e-03, 1.3670e-03, 1.4365e-05, 4.7437e-01, 6.7442e-01,\n",
       "         1.1527e-07, 3.8203e-01, 0.0000e+00]])"
      ]
     },
     "execution_count": 42,
     "metadata": {},
     "output_type": "execute_result"
    }
   ],
   "source": [
    "node_subgraph[0,:,:]"
   ]
  },
  {
   "cell_type": "code",
   "execution_count": 43,
   "id": "28fbb992",
   "metadata": {},
   "outputs": [],
   "source": [
    "np.save(\"stgan-algo/STGAN/crypto/data/node_subgraph.npy\", node_subgraph.numpy())"
   ]
  },
  {
   "cell_type": "markdown",
   "id": "7577b002",
   "metadata": {},
   "source": [
    "## Extra Features"
   ]
  },
  {
   "cell_type": "code",
   "execution_count": 44,
   "id": "004c9ef3",
   "metadata": {},
   "outputs": [],
   "source": [
    "time_features = np.zeros([data_tensor.shape[0], 24 + 7])\n",
    "time_features = pd.DataFrame(time_features, dtype=int)"
   ]
  },
  {
   "cell_type": "code",
   "execution_count": 45,
   "id": "4e21c04f",
   "metadata": {},
   "outputs": [],
   "source": [
    "# Hour one-hot encoding\n",
    "timestamp = int(interval[:1])\n",
    "day_length = 24 * timestamp\n",
    "for i in range(len(time_features)):\n",
    "    hour = divmod(divmod(i, day_length)[1], timestamp)[0]\n",
    "    time_features.loc[i, hour] = 1"
   ]
  },
  {
   "cell_type": "code",
   "execution_count": 46,
   "id": "aedbd251",
   "metadata": {},
   "outputs": [],
   "source": [
    "# Day one-hot encoding\n",
    "week_length = 7\n",
    "starting_day = 1 # The starting day, april 1, 2020, is Tuesday\n",
    "for i in range(len(time_features)):\n",
    "    weekday = divmod(divmod(i, day_length)[0], week_length)[1]\n",
    "    time_features.loc[i, 24 + divmod(starting_day + weekday, week_length)[1]] = 1"
   ]
  },
  {
   "cell_type": "code",
   "execution_count": 47,
   "id": "14e3040d",
   "metadata": {},
   "outputs": [
    {
     "data": {
      "text/html": [
       "<div>\n",
       "<style scoped>\n",
       "    .dataframe tbody tr th:only-of-type {\n",
       "        vertical-align: middle;\n",
       "    }\n",
       "\n",
       "    .dataframe tbody tr th {\n",
       "        vertical-align: top;\n",
       "    }\n",
       "\n",
       "    .dataframe thead th {\n",
       "        text-align: right;\n",
       "    }\n",
       "</style>\n",
       "<table border=\"1\" class=\"dataframe\">\n",
       "  <thead>\n",
       "    <tr style=\"text-align: right;\">\n",
       "      <th></th>\n",
