{
 "cells": [
  {
   "cell_type": "markdown",
   "id": "08054722",
   "metadata": {},
   "source": [
    "# Crypto Data\n",
    "## Setup"
   ]
  },
  {
   "cell_type": "code",
   "execution_count": 40,
   "id": "ccc3bca4",
   "metadata": {},
   "outputs": [],
   "source": [
    "import numpy as np\n",
    "import pandas as pd\n",
    "import matplotlib.pyplot as plt\n",
    "import torch\n",
    "\n",
    "from data_processing import download_data"
   ]
  },
  {
   "cell_type": "markdown",
   "id": "adedb356",
   "metadata": {},
   "source": [
    "## Price Data"
   ]
  },
  {
   "cell_type": "code",
   "execution_count": 41,
   "id": "488e0c4d",
   "metadata": {},
   "outputs": [],
   "source": [
    "tickers = [coin + \"-USD\" for coin in [\"BTC\", \"ETH\", \"XRP\", \"BNB\", \"SOL\", \"TRX\", \"DOGE\", \"BCH\", \"ADA\"]]\n",
    "\n",
    "period = \"365d\"\n",
    "interval = \"1h\"\n",
    "\n",
    "cols = [\"Datetime\", \"Adj Close\", \"Volume\"]\n",
    "num_features = len(cols) - 1\n",
    "\n",
    "\n",
    "dfs = []\n",
    "df_vals = []\n",
    "for ticker in tickers:\n",
    "    df = download_data(ticker, cols, period=period, interval=interval, save=True)\n",
    "    df.rename({col: col + \" \" + ticker[:3] for col in df.columns if col != \"Datetime\"}, axis=1, inplace=True)\n",
    "    df.set_index(\"Datetime\", inplace=True)\n",
    "    dfs.append(df)\n",
    "    df_vals.append(df.values)\n",
    "\n",
    "stack = np.stack(df_vals, axis=1)\n",
    "df = pd.concat(dfs, axis=1)"
   ]
  },
  {
   "cell_type": "code",
   "execution_count": 42,
   "id": "48e87fb9",
   "metadata": {},
   "outputs": [
    {
     "data": {
      "text/plain": [
       "(8593, 9, 2)"
      ]
     },
     "execution_count": 42,
     "metadata": {},
     "output_type": "execute_result"
    }
   ],
   "source": [
    "stack.shape"
   ]
  },
  {
   "cell_type": "code",
   "execution_count": 43,
   "id": "8c89ee1b",
   "metadata": {},
   "outputs": [
    {
     "data": {
      "text/plain": [
       "torch.Size([8593, 9, 2, 1])"
      ]
     },
     "execution_count": 43,
     "metadata": {},
     "output_type": "execute_result"
    }
   ],
   "source": [
    "data_tensor = torch.tensor(stack).unsqueeze(-1)\n",
    "data_tensor.shape"
   ]
  },
  {
   "cell_type": "code",
   "execution_count": 44,
   "id": "9a5448b6",
   "metadata": {},
   "outputs": [],
   "source": [
    "# Save\n",
    "np.save(\"stgan/STGAN/crypto_volume/data/data.npy\", np.array(data_tensor))"
   ]
  },
  {
   "cell_type": "code",
   "execution_count": 45,
   "id": "bcc9d33f",
   "metadata": {},
   "outputs": [
    {
     "data": {
      "text/plain": [
       "torch.Size([8593, 9, 2, 1])"
      ]
     },
     "execution_count": 45,
     "metadata": {},
     "output_type": "execute_result"
    }
   ],
   "source": [
    "# Load\n",
    "data_tensor = torch.tensor(np.load(\"stgan/STGAN/crypto_volume/data/data.npy\"), dtype=torch.float)\n",
    "data_tensor.shape"
   ]
  },
  {
   "cell_type": "code",
   "execution_count": 46,
   "id": "3b2e958c",
   "metadata": {},
   "outputs": [
    {
     "data": {
      "text/plain": [
       "torch.Size([8593, 9, 2, 1])"
      ]
     },
     "execution_count": 46,
     "metadata": {},
     "output_type": "execute_result"
    }
   ],
   "source": [
    "data_tensor.shape"
   ]
  },
  {
   "cell_type": "markdown",
   "id": "fb829f2b",
   "metadata": {},
   "source": [
    "## Distances: Use Correlations"
   ]
  },
  {
   "cell_type": "code",
   "execution_count": 47,
   "id": "67c4d6f3",
   "metadata": {},
   "outputs": [
    {
     "data": {
      "text/html": [
       "<div>\n",
       "<style scoped>\n",
       "    .dataframe tbody tr th:only-of-type {\n",
       "        vertical-align: middle;\n",
       "    }\n",
       "\n",
       "    .dataframe tbody tr th {\n",
       "        vertical-align: top;\n",
       "    }\n",
       "\n",
       "    .dataframe thead th {\n",
       "        text-align: right;\n",
       "    }\n",
       "</style>\n",
       "<table border=\"1\" class=\"dataframe\">\n",
       "  <thead>\n",
       "    <tr style=\"text-align: right;\">\n",
       "      <th></th>\n",
       "      <th>Adj Close BTC</th>\n",
       "      <th>Adj Close ETH</th>\n",
       "      <th>Adj Close XRP</th>\n",
       "      <th>Adj Close BNB</th>\n",
       "      <th>Adj Close SOL</th>\n",
       "      <th>Adj Close TRX</th>\n",
       "      <th>Adj Close DOG</th>\n",
       "      <th>Adj Close BCH</th>\n",
       "      <th>Adj Close ADA</th>\n",
       "    </tr>\n",
       "  </thead>\n",
       "  <tbody>\n",
       "    <tr>\n",
       "      <th>Adj Close BTC</th>\n",
       "      <td>1.000000</td>\n",
       "      <td>0.744070</td>\n",
       "      <td>0.844398</td>\n",
       "      <td>0.456034</td>\n",
       "      <td>0.882507</td>\n",
       "      <td>0.702830</td>\n",
       "      <td>0.793956</td>\n",
       "      <td>0.360844</td>\n",
       "      <td>0.683089</td>\n",
       "    </tr>\n",
       "    <tr>\n",
       "      <th>Adj Close ETH</th>\n",
       "      <td>0.744070</td>\n",
       "      <td>1.000000</td>\n",
       "      <td>0.701173</td>\n",
       "      <td>0.805254</td>\n",
       "      <td>0.800554</td>\n",
       "      <td>0.924148</td>\n",
       "      <td>0.561800</td>\n",
       "      <td>0.736471</td>\n",
       "      <td>0.382871</td>\n",
       "    </tr>\n",
       "    <tr>\n",
       "      <th>Adj Close XRP</th>\n",
       "      <td>0.844398</td>\n",
       "      <td>0.701173</td>\n",
       "      <td>1.000000</td>\n",
       "      <td>0.314247</td>\n",
       "      <td>0.853642</td>\n",
       "      <td>0.610706</td>\n",
       "      <td>0.891633</td>\n",
       "      <td>0.219497</td>\n",
       "      <td>0.845262</td>\n",
       "    </tr>\n",
       "    <tr>\n",
       "      <th>Adj Close BNB</th>\n",
       "      <td>0.456034</td>\n",
       "      <td>0.805254</td>\n",
       "      <td>0.314247</td>\n",
       "      <td>1.000000</td>\n",
       "      <td>0.553238</td>\n",
       "      <td>0.699597</td>\n",
       "      <td>0.211908</td>\n",
       "      <td>0.699576</td>\n",
       "      <td>-0.000530</td>\n",
       "    </tr>\n",
       "    <tr>\n",
       "      <th>Adj Close SOL</th>\n",
       "      <td>0.882507</td>\n",
       "      <td>0.800554</td>\n",
       "      <td>0.853642</td>\n",
       "      <td>0.553238</td>\n",
       "      <td>1.000000</td>\n",
       "      <td>0.685942</td>\n",
       "      <td>0.891786</td>\n",
       "      <td>0.312376</td>\n",
       "      <td>0.770449</td>\n",
       "    </tr>\n",
       "    <tr>\n",
       "      <th>Adj Close TRX</th>\n",
       "      <td>0.702830</td>\n",
       "      <td>0.924148</td>\n",
       "      <td>0.610706</td>\n",
       "      <td>0.699597</td>\n",
       "      <td>0.685942</td>\n",
       "      <td>1.000000</td>\n",
       "      <td>0.437573</td>\n",
       "      <td>0.807520</td>\n",
       "      <td>0.276544</td>\n",
       "    </tr>\n",
       "    <tr>\n",
       "      <th>Adj Close DOG</th>\n",
       "      <td>0.793956</td>\n",
       "      <td>0.561800</td>\n",
       "      <td>0.891633</td>\n",
       "      <td>0.211908</td>\n",
       "      <td>0.891786</td>\n",
       "      <td>0.437573</td>\n",
       "      <td>1.000000</td>\n",
       "      <td>-0.009660</td>\n",
       "      <td>0.924476</td>\n",
       "    </tr>\n",
       "    <tr>\n",
       "      <th>Adj Close BCH</th>\n",
       "      <td>0.360844</td>\n",
       "      <td>0.736471</td>\n",
       "      <td>0.219497</td>\n",
       "      <td>0.699576</td>\n",
       "      <td>0.312376</td>\n",
       "      <td>0.807520</td>\n",
       "      <td>-0.009660</td>\n",
       "      <td>1.000000</td>\n",
       "      <td>-0.213623</td>\n",
       "    </tr>\n",
       "    <tr>\n",
       "      <th>Adj Close ADA</th>\n",
       "      <td>0.683089</td>\n",
       "      <td>0.382871</td>\n",
       "      <td>0.845262</td>\n",
       "      <td>-0.000530</td>\n",
       "      <td>0.770449</td>\n",
       "      <td>0.276544</td>\n",
       "      <td>0.924476</td>\n",
       "      <td>-0.213623</td>\n",
       "      <td>1.000000</td>\n",
       "    </tr>\n",
       "  </tbody>\n",
       "</table>\n",
       "</div>"
      ],
      "text/plain": [
       "               Adj Close BTC  Adj Close ETH  Adj Close XRP  Adj Close BNB  \\\n",
       "Adj Close BTC       1.000000       0.744070       0.844398       0.456034   \n",
       "Adj Close ETH       0.744070       1.000000       0.701173       0.805254   \n",
       "Adj Close XRP       0.844398       0.701173       1.000000       0.314247   \n",
       "Adj Close BNB       0.456034       0.805254       0.314247       1.000000   \n",
       "Adj Close SOL       0.882507       0.800554       0.853642       0.553238   \n",
       "Adj Close TRX       0.702830       0.924148       0.610706       0.699597   \n",
       "Adj Close DOG       0.793956       0.561800       0.891633       0.211908   \n",
       "Adj Close BCH       0.360844       0.736471       0.219497       0.699576   \n",
       "Adj Close ADA       0.683089       0.382871       0.845262      -0.000530   \n",
       "\n",
       "               Adj Close SOL  Adj Close TRX  Adj Close DOG  Adj Close BCH  \\\n",
       "Adj Close BTC       0.882507       0.702830       0.793956       0.360844   \n",
       "Adj Close ETH       0.800554       0.924148       0.561800       0.736471   \n",
       "Adj Close XRP       0.853642       0.610706       0.891633       0.219497   \n",
       "Adj Close BNB       0.553238       0.699597       0.211908       0.699576   \n",
       "Adj Close SOL       1.000000       0.685942       0.891786       0.312376   \n",
       "Adj Close TRX       0.685942       1.000000       0.437573       0.807520   \n",
       "Adj Close DOG       0.891786       0.437573       1.000000      -0.009660   \n",
       "Adj Close BCH       0.312376       0.807520      -0.009660       1.000000   \n",
       "Adj Close ADA       0.770449       0.276544       0.924476      -0.213623   \n",
       "\n",
       "               Adj Close ADA  \n",
       "Adj Close BTC       0.683089  \n",
       "Adj Close ETH       0.382871  \n",
       "Adj Close XRP       0.845262  \n",
       "Adj Close BNB      -0.000530  \n",
       "Adj Close SOL       0.770449  \n",
       "Adj Close TRX       0.276544  \n",
       "Adj Close DOG       0.924476  \n",
       "Adj Close BCH      -0.213623  \n",
       "Adj Close ADA       1.000000  "
      ]
     },
     "execution_count": 47,
     "metadata": {},
     "output_type": "execute_result"
    }
   ],
   "source": [
    "df[[col for col in df.columns if \"Adj Close\" in col]].corr()"
   ]
  },
  {
   "cell_type": "code",
   "execution_count": 48,
   "id": "4f2ab5bb",
   "metadata": {},
   "outputs": [],
   "source": [
    "# Use simple intuition: distance = 1 - correlation\n",
    "dists =  1 - df[[col for col in df.columns if \"Adj Close\" in col]].corr()"
   ]
  },
  {
   "cell_type": "code",
   "execution_count": 49,
   "id": "4bd501f0",
   "metadata": {},
   "outputs": [
    {
     "data": {
      "text/html": [
       "<div>\n",
       "<style scoped>\n",
       "    .dataframe tbody tr th:only-of-type {\n",
       "        vertical-align: middle;\n",
       "    }\n",
       "\n",
       "    .dataframe tbody tr th {\n",
       "        vertical-align: top;\n",
       "    }\n",
       "\n",
       "    .dataframe thead th {\n",
       "        text-align: right;\n",
       "    }\n",
       "</style>\n",
       "<table border=\"1\" class=\"dataframe\">\n",
       "  <thead>\n",
       "    <tr style=\"text-align: right;\">\n",
       "      <th></th>\n",
       "      <th>Adj Close BTC</th>\n",
       "      <th>Adj Close ETH</th>\n",
       "      <th>Adj Close XRP</th>\n",
       "      <th>Adj Close BNB</th>\n",
       "      <th>Adj Close SOL</th>\n",
       "      <th>Adj Close TRX</th>\n",
       "      <th>Adj Close DOG</th>\n",
       "      <th>Adj Close BCH</th>\n",
       "      <th>Adj Close ADA</th>\n",
       "    </tr>\n",
       "  </thead>\n",
       "  <tbody>\n",
       "    <tr>\n",
       "      <th>Adj Close BTC</th>\n",
       "      <td>0.000000</td>\n",
       "      <td>0.255930</td>\n",
       "      <td>0.155602</td>\n",
       "      <td>0.543966</td>\n",
       "      <td>0.117493</td>\n",
       "      <td>0.297170</td>\n",
       "      <td>0.206044</td>\n",
       "      <td>0.639156</td>\n",
       "      <td>0.316911</td>\n",
       "    </tr>\n",
       "    <tr>\n",
       "      <th>Adj Close ETH</th>\n",
       "      <td>0.255930</td>\n",
       "      <td>0.000000</td>\n",
       "      <td>0.298827</td>\n",
       "      <td>0.194746</td>\n",
       "      <td>0.199446</td>\n",
       "      <td>0.075852</td>\n",
       "      <td>0.438200</td>\n",
       "      <td>0.263529</td>\n",
       "      <td>0.617129</td>\n",
       "    </tr>\n",
       "    <tr>\n",
       "      <th>Adj Close XRP</th>\n",
       "      <td>0.155602</td>\n",
       "      <td>0.298827</td>\n",
       "      <td>0.000000</td>\n",
       "      <td>0.685753</td>\n",
       "      <td>0.146358</td>\n",
       "      <td>0.389294</td>\n",
       "      <td>0.108367</td>\n",
       "      <td>0.780503</td>\n",
       "      <td>0.154738</td>\n",
       "    </tr>\n",
       "    <tr>\n",
       "      <th>Adj Close BNB</th>\n",
       "      <td>0.543966</td>\n",
       "      <td>0.194746</td>\n",
       "      <td>0.685753</td>\n",
       "      <td>0.000000</td>\n",
       "      <td>0.446762</td>\n",
       "      <td>0.300403</td>\n",
       "      <td>0.788092</td>\n",
       "      <td>0.300424</td>\n",
       "      <td>1.000530</td>\n",
       "    </tr>\n",
       "    <tr>\n",
       "      <th>Adj Close SOL</th>\n",
       "      <td>0.117493</td>\n",
       "      <td>0.199446</td>\n",
       "      <td>0.146358</td>\n",
       "      <td>0.446762</td>\n",
       "      <td>0.000000</td>\n",
       "      <td>0.314058</td>\n",
       "      <td>0.108214</td>\n",
       "      <td>0.687624</td>\n",
       "      <td>0.229551</td>\n",
       "    </tr>\n",
       "    <tr>\n",
       "      <th>Adj Close TRX</th>\n",
       "      <td>0.297170</td>\n",
       "      <td>0.075852</td>\n",
       "      <td>0.389294</td>\n",
       "      <td>0.300403</td>\n",
       "      <td>0.314058</td>\n",
       "      <td>0.000000</td>\n",
       "      <td>0.562427</td>\n",
       "      <td>0.192480</td>\n",
       "      <td>0.723456</td>\n",
       "    </tr>\n",
       "    <tr>\n",
       "      <th>Adj Close DOG</th>\n",
       "      <td>0.206044</td>\n",
       "      <td>0.438200</td>\n",
       "      <td>0.108367</td>\n",
       "      <td>0.788092</td>\n",
       "      <td>0.108214</td>\n",
       "      <td>0.562427</td>\n",
       "      <td>0.000000</td>\n",
       "      <td>1.009660</td>\n",
       "      <td>0.075524</td>\n",
       "    </tr>\n",
       "    <tr>\n",
       "      <th>Adj Close BCH</th>\n",
       "      <td>0.639156</td>\n",
       "      <td>0.263529</td>\n",
       "      <td>0.780503</td>\n",
       "      <td>0.300424</td>\n",
       "      <td>0.687624</td>\n",
       "      <td>0.192480</td>\n",
       "      <td>1.009660</td>\n",
       "      <td>0.000000</td>\n",
       "      <td>1.213623</td>\n",
       "    </tr>\n",
       "    <tr>\n",
       "      <th>Adj Close ADA</th>\n",
       "      <td>0.316911</td>\n",
       "      <td>0.617129</td>\n",
       "      <td>0.154738</td>\n",
       "      <td>1.000530</td>\n",
       "      <td>0.229551</td>\n",
       "      <td>0.723456</td>\n",
       "      <td>0.075524</td>\n",
       "      <td>1.213623</td>\n",
       "      <td>0.000000</td>\n",
       "    </tr>\n",
       "  </tbody>\n",
       "</table>\n",
       "</div>"
      ],
      "text/plain": [
       "               Adj Close BTC  Adj Close ETH  Adj Close XRP  Adj Close BNB  \\\n",
       "Adj Close BTC       0.000000       0.255930       0.155602       0.543966   \n",
       "Adj Close ETH       0.255930       0.000000       0.298827       0.194746   \n",
       "Adj Close XRP       0.155602       0.298827       0.000000       0.685753   \n",
       "Adj Close BNB       0.543966       0.194746       0.685753       0.000000   \n",
       "Adj Close SOL       0.117493       0.199446       0.146358       0.446762   \n",
       "Adj Close TRX       0.297170       0.075852       0.389294       0.300403   \n",
       "Adj Close DOG       0.206044       0.438200       0.108367       0.788092   \n",
       "Adj Close BCH       0.639156       0.263529       0.780503       0.300424   \n",
       "Adj Close ADA       0.316911       0.617129       0.154738       1.000530   \n",
       "\n",
       "               Adj Close SOL  Adj Close TRX  Adj Close DOG  Adj Close BCH  \\\n",
       "Adj Close BTC       0.117493       0.297170       0.206044       0.639156   \n",
       "Adj Close ETH       0.199446       0.075852       0.438200       0.263529   \n",
       "Adj Close XRP       0.146358       0.389294       0.108367       0.780503   \n",
       "Adj Close BNB       0.446762       0.300403       0.788092       0.300424   \n",
       "Adj Close SOL       0.000000       0.314058       0.108214       0.687624   \n",
       "Adj Close TRX       0.314058       0.000000       0.562427       0.192480   \n",
       "Adj Close DOG       0.108214       0.562427       0.000000       1.009660   \n",
       "Adj Close BCH       0.687624       0.192480       1.009660       0.000000   \n",
       "Adj Close ADA       0.229551       0.723456       0.075524       1.213623   \n",
       "\n",
       "               Adj Close ADA  \n",
       "Adj Close BTC       0.316911  \n",
       "Adj Close ETH       0.617129  \n",
       "Adj Close XRP       0.154738  \n",
       "Adj Close BNB       1.000530  \n",
       "Adj Close SOL       0.229551  \n",
       "Adj Close TRX       0.723456  \n",
       "Adj Close DOG       0.075524  \n",
       "Adj Close BCH       1.213623  \n",
       "Adj Close ADA       0.000000  "
      ]
     },
     "execution_count": 49,
     "metadata": {},
     "output_type": "execute_result"
    }
   ],
   "source": [
    "dists"
   ]
  },
  {
   "cell_type": "code",
   "execution_count": 50,
   "id": "2ad09e62",
   "metadata": {},
   "outputs": [],
   "source": [
    "dists.to_csv(\"stgan/STGAN/crypto_volume/data/node_dist.txt\", sep=\" \", header=False, index=False)"
   ]
  },
  {
   "cell_type": "code",
   "execution_count": 51,
   "id": "7cac4afd",
   "metadata": {},
   "outputs": [
    {
     "data": {
      "text/html": [
       "<div>\n",
       "<style scoped>\n",
       "    .dataframe tbody tr th:only-of-type {\n",
       "        vertical-align: middle;\n",
       "    }\n",
       "\n",
       "    .dataframe tbody tr th {\n",
       "        vertical-align: top;\n",
       "    }\n",
       "\n",
       "    .dataframe thead th {\n",
       "        text-align: right;\n",
       "    }\n",
       "</style>\n",
       "<table border=\"1\" class=\"dataframe\">\n",
       "  <thead>\n",
       "    <tr style=\"text-align: right;\">\n",
       "      <th></th>\n",
       "      <th>0</th>\n",
       "      <th>1</th>\n",
       "      <th>2</th>\n",
       "      <th>3</th>\n",
       "      <th>4</th>\n",
       "      <th>5</th>\n",
       "      <th>6</th>\n",
       "      <th>7</th>\n",
       "      <th>8</th>\n",
       "    </tr>\n",
       "  </thead>\n",
       "  <tbody>\n",
       "    <tr>\n",
       "      <th>0</th>\n",
       "      <td>0.000000</td>\n",
       "      <td>0.255930</td>\n",
       "      <td>0.155602</td>\n",
       "      <td>0.543966</td>\n",
       "      <td>0.117493</td>\n",
       "      <td>0.297170</td>\n",
       "      <td>0.206044</td>\n",
       "      <td>0.639156</td>\n",
       "      <td>0.316911</td>\n",
       "    </tr>\n",
       "    <tr>\n",
       "      <th>1</th>\n",
       "      <td>0.255930</td>\n",
       "      <td>0.000000</td>\n",
       "      <td>0.298827</td>\n",
       "      <td>0.194746</td>\n",
       "      <td>0.199446</td>\n",
       "      <td>0.075852</td>\n",
       "      <td>0.438200</td>\n",
       "      <td>0.263529</td>\n",
       "      <td>0.617129</td>\n",
       "    </tr>\n",
       "    <tr>\n",
       "      <th>2</th>\n",
       "      <td>0.155602</td>\n",
       "      <td>0.298827</td>\n",
       "      <td>0.000000</td>\n",
       "      <td>0.685753</td>\n",
       "      <td>0.146358</td>\n",
       "      <td>0.389294</td>\n",
       "      <td>0.108367</td>\n",
       "      <td>0.780503</td>\n",
       "      <td>0.154738</td>\n",
       "    </tr>\n",
       "    <tr>\n",
       "      <th>3</th>\n",
       "      <td>0.543966</td>\n",
       "      <td>0.194746</td>\n",
       "      <td>0.685753</td>\n",
       "      <td>0.000000</td>\n",
       "      <td>0.446762</td>\n",
       "      <td>0.300403</td>\n",
       "      <td>0.788092</td>\n",
       "      <td>0.300424</td>\n",
       "      <td>1.000530</td>\n",
       "    </tr>\n",
       "    <tr>\n",
       "      <th>4</th>\n",
       "      <td>0.117493</td>\n",
       "      <td>0.199446</td>\n",
       "      <td>0.146358</td>\n",
       "      <td>0.446762</td>\n",
       "      <td>0.000000</td>\n",
       "      <td>0.314058</td>\n",
       "      <td>0.108214</td>\n",
       "      <td>0.687624</td>\n",
       "      <td>0.229551</td>\n",
       "    </tr>\n",
       "    <tr>\n",
       "      <th>5</th>\n",
       "      <td>0.297170</td>\n",
       "      <td>0.075852</td>\n",
       "      <td>0.389294</td>\n",
       "      <td>0.300403</td>\n",
       "      <td>0.314058</td>\n",
       "      <td>0.000000</td>\n",
       "      <td>0.562427</td>\n",
       "      <td>0.192480</td>\n",
       "      <td>0.723456</td>\n",
       "    </tr>\n",
       "    <tr>\n",
       "      <th>6</th>\n",
       "      <td>0.206044</td>\n",
       "      <td>0.438200</td>\n",
       "      <td>0.108367</td>\n",
       "      <td>0.788092</td>\n",
       "      <td>0.108214</td>\n",
       "      <td>0.562427</td>\n",
       "      <td>0.000000</td>\n",
       "      <td>1.009660</td>\n",
       "      <td>0.075524</td>\n",
       "    </tr>\n",
       "    <tr>\n",
       "      <th>7</th>\n",
       "      <td>0.639156</td>\n",
       "      <td>0.263529</td>\n",
       "      <td>0.780503</td>\n",
       "      <td>0.300424</td>\n",
       "      <td>0.687624</td>\n",
       "      <td>0.192480</td>\n",
       "      <td>1.009660</td>\n",
       "      <td>0.000000</td>\n",
       "      <td>1.213623</td>\n",
       "    </tr>\n",
       "    <tr>\n",
       "      <th>8</th>\n",
       "      <td>0.316911</td>\n",
       "      <td>0.617129</td>\n",
       "      <td>0.154738</td>\n",
       "      <td>1.000530</td>\n",
       "      <td>0.229551</td>\n",
       "      <td>0.723456</td>\n",
       "      <td>0.075524</td>\n",
       "      <td>1.213623</td>\n",
       "      <td>0.000000</td>\n",
       "    </tr>\n",
       "  </tbody>\n",
       "</table>\n",
       "</div>"
      ],
      "text/plain": [
       "          0         1         2         3         4         5         6  \\\n",
       "0  0.000000  0.255930  0.155602  0.543966  0.117493  0.297170  0.206044   \n",
       "1  0.255930  0.000000  0.298827  0.194746  0.199446  0.075852  0.438200   \n",
       "2  0.155602  0.298827  0.000000  0.685753  0.146358  0.389294  0.108367   \n",
       "3  0.543966  0.194746  0.685753  0.000000  0.446762  0.300403  0.788092   \n",
       "4  0.117493  0.199446  0.146358  0.446762  0.000000  0.314058  0.108214   \n",
       "5  0.297170  0.075852  0.389294  0.300403  0.314058  0.000000  0.562427   \n",
       "6  0.206044  0.438200  0.108367  0.788092  0.108214  0.562427  0.000000   \n",
       "7  0.639156  0.263529  0.780503  0.300424  0.687624  0.192480  1.009660   \n",
       "8  0.316911  0.617129  0.154738  1.000530  0.229551  0.723456  0.075524   \n",
       "\n",
       "          7         8  \n",
       "0  0.639156  0.316911  \n",
       "1  0.263529  0.617129  \n",
       "2  0.780503  0.154738  \n",
       "3  0.300424  1.000530  \n",
       "4  0.687624  0.229551  \n",
       "5  0.192480  0.723456  \n",
       "6  1.009660  0.075524  \n",
       "7  0.000000  1.213623  \n",
       "8  1.213623  0.000000  "
      ]
     },
     "execution_count": 51,
     "metadata": {},
     "output_type": "execute_result"
    }
   ],
   "source": [
    "dists.reset_index(drop=True, inplace=True)\n",
    "dists.columns = range(dists.shape[1])\n",
    "dists"
   ]
  },
  {
   "cell_type": "markdown",
   "id": "b335163d",
   "metadata": {},
   "source": [
    "## Adjacency Matrix"
   ]
  },
  {
   "cell_type": "code",
   "execution_count": 52,
   "id": "848f324f",
   "metadata": {},
   "outputs": [
    {
     "data": {
      "text/html": [
       "<div>\n",
       "<style scoped>\n",
       "    .dataframe tbody tr th:only-of-type {\n",
       "        vertical-align: middle;\n",
       "    }\n",
       "\n",
       "    .dataframe tbody tr th {\n",
       "        vertical-align: top;\n",
       "    }\n",
       "\n",
       "    .dataframe thead th {\n",
       "        text-align: right;\n",
       "    }\n",
       "</style>\n",
       "<table border=\"1\" class=\"dataframe\">\n",
       "  <thead>\n",
       "    <tr style=\"text-align: right;\">\n",
       "      <th></th>\n",
       "      <th>0</th>\n",
       "      <th>1</th>\n",
       "      <th>2</th>\n",
       "      <th>3</th>\n",
       "      <th>4</th>\n",
       "      <th>5</th>\n",
       "      <th>6</th>\n",
       "      <th>7</th>\n",
       "      <th>8</th>\n",
       "    </tr>\n",
       "  </thead>\n",
       "  <tbody>\n",
       "    <tr>\n",
       "      <th>0</th>\n",
       "      <td>0</td>\n",
       "      <td>4</td>\n",
       "      <td>2</td>\n",
       "      <td>6</td>\n",
       "      <td>1</td>\n",
       "      <td>5</td>\n",
       "      <td>8</td>\n",
       "      <td>3</td>\n",
       "      <td>7</td>\n",
       "    </tr>\n",
       "    <tr>\n",
       "      <th>1</th>\n",
       "      <td>1</td>\n",
       "      <td>5</td>\n",
       "      <td>3</td>\n",
       "      <td>4</td>\n",
       "      <td>0</td>\n",
       "      <td>7</td>\n",
       "      <td>2</td>\n",
       "      <td>6</td>\n",
       "      <td>8</td>\n",
       "    </tr>\n",
       "    <tr>\n",
       "      <th>2</th>\n",
       "      <td>2</td>\n",
       "      <td>6</td>\n",
       "      <td>4</td>\n",
       "      <td>8</td>\n",
       "      <td>0</td>\n",
       "      <td>1</td>\n",
       "      <td>5</td>\n",
       "      <td>3</td>\n",
       "      <td>7</td>\n",
       "    </tr>\n",
       "    <tr>\n",
       "      <th>3</th>\n",
       "      <td>3</td>\n",
       "      <td>1</td>\n",
       "      <td>5</td>\n",
       "      <td>7</td>\n",
       "      <td>4</td>\n",
       "      <td>0</td>\n",
       "      <td>2</td>\n",
       "      <td>6</td>\n",
       "      <td>8</td>\n",
       "    </tr>\n",
       "    <tr>\n",
       "      <th>4</th>\n",
       "      <td>4</td>\n",
       "      <td>6</td>\n",
       "      <td>0</td>\n",
       "      <td>2</td>\n",
       "      <td>1</td>\n",
       "      <td>8</td>\n",
       "      <td>5</td>\n",
       "      <td>3</td>\n",
       "      <td>7</td>\n",
       "    </tr>\n",
       "    <tr>\n",
       "      <th>5</th>\n",
       "      <td>5</td>\n",
       "      <td>1</td>\n",
       "      <td>7</td>\n",
       "      <td>0</td>\n",
       "      <td>3</td>\n",
       "      <td>4</td>\n",
       "      <td>2</td>\n",
       "      <td>6</td>\n",
       "      <td>8</td>\n",
       "    </tr>\n",
       "    <tr>\n",
       "      <th>6</th>\n",
       "      <td>6</td>\n",
       "      <td>8</td>\n",
       "      <td>4</td>\n",
       "      <td>2</td>\n",
       "      <td>0</td>\n",
       "      <td>1</td>\n",
       "      <td>5</td>\n",
       "      <td>3</td>\n",
       "      <td>7</td>\n",
       "    </tr>\n",
       "    <tr>\n",
       "      <th>7</th>\n",
       "      <td>7</td>\n",
       "      <td>5</td>\n",
       "      <td>1</td>\n",
       "      <td>3</td>\n",
       "      <td>0</td>\n",
       "      <td>4</td>\n",
       "      <td>2</td>\n",
       "      <td>6</td>\n",
       "      <td>8</td>\n",
       "    </tr>\n",
       "    <tr>\n",
       "      <th>8</th>\n",
       "      <td>8</td>\n",
       "      <td>6</td>\n",
       "      <td>2</td>\n",
       "      <td>4</td>\n",
       "      <td>0</td>\n",
       "      <td>1</td>\n",
       "      <td>5</td>\n",
       "      <td>3</td>\n",
       "      <td>7</td>\n",
       "    </tr>\n",
       "  </tbody>\n",
       "</table>\n",
       "</div>"
      ],
      "text/plain": [
       "   0  1  2  3  4  5  6  7  8\n",
       "0  0  4  2  6  1  5  8  3  7\n",
       "1  1  5  3  4  0  7  2  6  8\n",
       "2  2  6  4  8  0  1  5  3  7\n",
       "3  3  1  5  7  4  0  2  6  8\n",
       "4  4  6  0  2  1  8  5  3  7\n",
       "5  5  1  7  0  3  4  2  6  8\n",
       "6  6  8  4  2  0  1  5  3  7\n",
       "7  7  5  1  3  0  4  2  6  8\n",
       "8  8  6  2  4  0  1  5  3  7"
      ]
     },
     "execution_count": 52,
     "metadata": {},
     "output_type": "execute_result"
    }
   ],
   "source": [
    "k = 9\n",
    "adj = pd.DataFrame([], columns=range(k))\n",
    "for i in range(dists.shape[1]):\n",
    "    adj.loc[i] = list(dists.loc[i].sort_values()[:k].index)\n",
    "adj"
   ]
  },
  {
   "cell_type": "code",
   "execution_count": 53,
   "id": "4e7a6527",
   "metadata": {},
   "outputs": [],
   "source": [
    "adj.to_csv(\"stgan/STGAN/crypto_volume/data/node_adjacent.txt\", sep=\" \", header=False, index=False)"
   ]
  },
  {
   "cell_type": "markdown",
   "id": "f5586c34",
   "metadata": {},
   "source": [
    "## Node Subgraph"
   ]
  },
  {
   "cell_type": "code",
   "execution_count": 54,
   "id": "504e8a6c",
   "metadata": {},
   "outputs": [
    {
     "data": {
      "text/plain": [
       "0.30303320950585794"
      ]
     },
     "execution_count": 54,
     "metadata": {},
     "output_type": "execute_result"
    }
   ],
   "source": [
    "stdev = np.array(dists).std()\n",
    "stdev"
   ]
  },
  {
   "cell_type": "code",
   "execution_count": 55,
   "id": "aee536f6",
   "metadata": {},
   "outputs": [
    {
     "data": {
      "text/html": [
       "<div>\n",
       "<style scoped>\n",
       "    .dataframe tbody tr th:only-of-type {\n",
       "        vertical-align: middle;\n",
       "    }\n",
       "\n",
       "    .dataframe tbody tr th {\n",
       "        vertical-align: top;\n",
       "    }\n",
       "\n",
       "    .dataframe thead th {\n",
       "        text-align: right;\n",
       "    }\n",
       "</style>\n",
       "<table border=\"1\" class=\"dataframe\">\n",
       "  <thead>\n",
       "    <tr style=\"text-align: right;\">\n",
       "      <th></th>\n",
       "      <th>0</th>\n",
       "      <th>1</th>\n",
       "      <th>2</th>\n",
       "      <th>3</th>\n",
       "      <th>4</th>\n",
       "      <th>5</th>\n",
       "      <th>6</th>\n",
       "      <th>7</th>\n",
       "      <th>8</th>\n",
       "    </tr>\n",
       "  </thead>\n",
       "  <tbody>\n",
       "    <tr>\n",
       "      <th>0</th>\n",
       "      <td>0.000000</td>\n",
       "      <td>0.490033</td>\n",
       "      <td>0.768231</td>\n",
       "      <td>0.039864</td>\n",
       "      <td>0.860426</td>\n",
       "      <td>0.382251</td>\n",
       "      <td>0.629823</td>\n",
       "      <td>1.169370e-02</td>\n",
       "      <td>3.349777e-01</td>\n",
       "    </tr>\n",
       "    <tr>\n",
       "      <th>1</th>\n",
       "      <td>0.490033</td>\n",
       "      <td>0.000000</td>\n",
       "      <td>0.378162</td>\n",
       "      <td>0.661659</td>\n",
       "      <td>0.648443</td>\n",
       "      <td>0.939267</td>\n",
       "      <td>0.123558</td>\n",
       "      <td>4.694156e-01</td>\n",
       "      <td>1.580622e-02</td>\n",
       "    </tr>\n",
       "    <tr>\n",
       "      <th>2</th>\n",
       "      <td>0.768231</td>\n",
       "      <td>0.378162</td>\n",
       "      <td>0.000000</td>\n",
       "      <td>0.005970</td>\n",
       "      <td>0.791942</td>\n",
       "      <td>0.191983</td>\n",
       "      <td>0.879956</td>\n",
       "      <td>1.315021e-03</td>\n",
       "      <td>7.704787e-01</td>\n",
       "    </tr>\n",
       "    <tr>\n",
       "      <th>3</th>\n",
       "      <td>0.039864</td>\n",
       "      <td>0.661659</td>\n",
       "      <td>0.005970</td>\n",
       "      <td>0.000000</td>\n",
       "      <td>0.113772</td>\n",
       "      <td>0.374293</td>\n",
       "      <td>0.001155</td>\n",
       "      <td>3.742424e-01</td>\n",
       "      <td>1.843357e-05</td>\n",
       "    </tr>\n",
       "    <tr>\n",
       "      <th>4</th>\n",
       "      <td>0.860426</td>\n",
       "      <td>0.648443</td>\n",
       "      <td>0.791942</td>\n",
       "      <td>0.113772</td>\n",
       "      <td>0.000000</td>\n",
       "      <td>0.341609</td>\n",
       "      <td>0.880273</td>\n",
       "      <td>5.805262e-03</td>\n",
       "      <td>5.633674e-01</td>\n",
       "    </tr>\n",
       "    <tr>\n",
       "      <th>5</th>\n",
       "      <td>0.382251</td>\n",
       "      <td>0.939267</td>\n",
       "      <td>0.191983</td>\n",
       "      <td>0.374293</td>\n",
       "      <td>0.341609</td>\n",
       "      <td>0.000000</td>\n",
       "      <td>0.031914</td>\n",
       "      <td>6.680105e-01</td>\n",
       "      <td>3.347337e-03</td>\n",
       "    </tr>\n",
       "    <tr>\n",
       "      <th>6</th>\n",
       "      <td>0.629823</td>\n",
       "      <td>0.123558</td>\n",
       "      <td>0.879956</td>\n",
       "      <td>0.001155</td>\n",
       "      <td>0.880273</td>\n",
       "      <td>0.031914</td>\n",
       "      <td>0.000000</td>\n",
       "      <td>1.509432e-05</td>\n",
       "      <td>9.397752e-01</td>\n",
       "    </tr>\n",
       "    <tr>\n",
       "      <th>7</th>\n",
       "      <td>0.011694</td>\n",
       "      <td>0.469416</td>\n",
       "      <td>0.001315</td>\n",
       "      <td>0.374242</td>\n",
       "      <td>0.005805</td>\n",
       "      <td>0.668011</td>\n",
       "      <td>0.000015</td>\n",
       "      <td>0.000000e+00</td>\n",
       "      <td>1.081917e-07</td>\n",
       "    </tr>\n",
       "    <tr>\n",
       "      <th>8</th>\n",
       "      <td>0.334978</td>\n",
       "      <td>0.015806</td>\n",
       "      <td>0.770479</td>\n",
       "      <td>0.000018</td>\n",
       "      <td>0.563367</td>\n",
       "      <td>0.003347</td>\n",
       "      <td>0.939775</td>\n",
       "      <td>1.081917e-07</td>\n",
       "      <td>0.000000e+00</td>\n",
       "    </tr>\n",
       "  </tbody>\n",
       "</table>\n",
       "</div>"
      ],
      "text/plain": [
       "          0         1         2         3         4         5         6  \\\n",
       "0  0.000000  0.490033  0.768231  0.039864  0.860426  0.382251  0.629823   \n",
       "1  0.490033  0.000000  0.378162  0.661659  0.648443  0.939267  0.123558   \n",
       "2  0.768231  0.378162  0.000000  0.005970  0.791942  0.191983  0.879956   \n",
       "3  0.039864  0.661659  0.005970  0.000000  0.113772  0.374293  0.001155   \n",
       "4  0.860426  0.648443  0.791942  0.113772  0.000000  0.341609  0.880273   \n",
       "5  0.382251  0.939267  0.191983  0.374293  0.341609  0.000000  0.031914   \n",
       "6  0.629823  0.123558  0.879956  0.001155  0.880273  0.031914  0.000000   \n",
       "7  0.011694  0.469416  0.001315  0.374242  0.005805  0.668011  0.000015   \n",
       "8  0.334978  0.015806  0.770479  0.000018  0.563367  0.003347  0.939775   \n",
       "\n",
       "              7             8  \n",
       "0  1.169370e-02  3.349777e-01  \n",
       "1  4.694156e-01  1.580622e-02  \n",
       "2  1.315021e-03  7.704787e-01  \n",
       "3  3.742424e-01  1.843357e-05  \n",
       "4  5.805262e-03  5.633674e-01  \n",
       "5  6.680105e-01  3.347337e-03  \n",
       "6  1.509432e-05  9.397752e-01  \n",
       "7  0.000000e+00  1.081917e-07  \n",
       "8  1.081917e-07  0.000000e+00  "
      ]
     },
     "execution_count": 55,
     "metadata": {},
     "output_type": "execute_result"
    }
   ],
   "source": [
    "W = np.exp(-dists**2/stdev**2)\n",
    "for i in range(len(W)):\n",
    "    W.loc[i,i] = 0   \n",
    "W"
   ]
  },
  {
   "cell_type": "code",
   "execution_count": 56,
   "id": "6991b41e",
   "metadata": {},
   "outputs": [
    {
     "data": {
      "text/plain": [
       "torch.Size([9, 9, 9])"
      ]
     },
     "execution_count": 56,
     "metadata": {},
     "output_type": "execute_result"
    }
   ],
   "source": [
    "node_subgraph = torch.empty((len(tickers), k, k))\n",
    "node_subgraph.shape"
   ]
  },
  {
   "cell_type": "code",
   "execution_count": 57,
   "id": "29aec527",
   "metadata": {},
   "outputs": [
    {
     "name": "stderr",
     "output_type": "stream",
     "text": [
      "/var/folders/sm/ywzmrkvn4ss6rh1xl01z71h80000gn/T/ipykernel_75647/3549210982.py:2: UserWarning: The given NumPy array is not writable, and PyTorch does not support non-writable tensors. This means writing to this tensor will result in undefined behavior. You may want to copy the array to protect its data or make it writable before converting it to a tensor. This type of warning will be suppressed for the rest of this program. (Triggered internally at /Users/runner/miniforge3/conda-bld/libtorch_1715184454275/work/torch/csrc/utils/tensor_numpy.cpp:212.)\n",
      "  node_subgraph[i,:,:] = torch.from_numpy(W.loc[adj.loc[i], adj.loc[i]].to_numpy())\n"
     ]
    },
    {
     "data": {
      "text/plain": [
       "torch.Size([9, 9, 9])"
      ]
     },
     "execution_count": 57,
     "metadata": {},
     "output_type": "execute_result"
    }
   ],
   "source": [
    "for i in range(len(tickers)):\n",
    "    node_subgraph[i,:,:] = torch.from_numpy(W.loc[adj.loc[i], adj.loc[i]].to_numpy())\n",
    "node_subgraph.shape"
   ]
  },
  {
   "cell_type": "code",
   "execution_count": 58,
   "id": "23d306e4",
   "metadata": {},
   "outputs": [
    {
     "data": {
      "text/plain": [
       "tensor([[0.0000e+00, 8.6043e-01, 7.6823e-01, 6.2982e-01, 4.9003e-01, 3.8225e-01,\n",
       "         3.3498e-01, 3.9864e-02, 1.1694e-02],\n",
       "        [8.6043e-01, 0.0000e+00, 7.9194e-01, 8.8027e-01, 6.4844e-01, 3.4161e-01,\n",
       "         5.6337e-01, 1.1377e-01, 5.8053e-03],\n",
       "        [7.6823e-01, 7.9194e-01, 0.0000e+00, 8.7996e-01, 3.7816e-01, 1.9198e-01,\n",
       "         7.7048e-01, 5.9700e-03, 1.3150e-03],\n",
       "        [6.2982e-01, 8.8027e-01, 8.7996e-01, 0.0000e+00, 1.2356e-01, 3.1914e-02,\n",
       "         9.3978e-01, 1.1551e-03, 1.5094e-05],\n",
       "        [4.9003e-01, 6.4844e-01, 3.7816e-01, 1.2356e-01, 0.0000e+00, 9.3927e-01,\n",
       "         1.5806e-02, 6.6166e-01, 4.6942e-01],\n",
       "        [3.8225e-01, 3.4161e-01, 1.9198e-01, 3.1914e-02, 9.3927e-01, 0.0000e+00,\n",
       "         3.3473e-03, 3.7429e-01, 6.6801e-01],\n",
       "        [3.3498e-01, 5.6337e-01, 7.7048e-01, 9.3978e-01, 1.5806e-02, 3.3473e-03,\n",
       "         0.0000e+00, 1.8434e-05, 1.0819e-07],\n",
       "        [3.9864e-02, 1.1377e-01, 5.9700e-03, 1.1551e-03, 6.6166e-01, 3.7429e-01,\n",
       "         1.8434e-05, 0.0000e+00, 3.7424e-01],\n",
       "        [1.1694e-02, 5.8053e-03, 1.3150e-03, 1.5094e-05, 4.6942e-01, 6.6801e-01,\n",
